 0.00  0.00  0.00  0.00  0.00  0.00  0.00  0.00  0.00  0.00  0.00
 0.00  0.94  1.05  1.17  1.33  1.56  1.82  2.09  2.38  2.69  3.02
 0.00  1.57  2.07  2.30  2.60  3.00  3.50  4.05  4.63  5.26  5.92
 0.00  1.99  2.97  3.41  3.82  4.37  5.05  5.87  6.76  7.70  8.71
 0.00  2.28  3.72  4.46  5.01  5.69  6.55  7.57  8.76 10.03 11.38
 0.00  2.51  4.34  5.43  6.17  6.97  7.99  9.21 10.63 12.22 13.93
 0.00  2.68  4.84  6.30  7.29  8.22  9.38 10.80 12.44 14.30 16.35
 0.00  2.82  5.24  7.07  8.34  9.45 10.73 12.33 14.21 16.33 18.68
 0.00  2.93  5.57  7.75  9.33 10.64 12.06 13.81 15.92 18.31 20.97
 0.00  3.02  5.84  8.33 10.24 11.79 13.36 15.25 17.57 20.23 23.20
 0.00  3.10  6.07  8.82 11.07 12.88 14.63 16.67 19.18 22.11 25.40
 0.00  3.18  6.28  9.25 11.83 13.93 15.88 18.06 20.74 23.94 27.55
 0.00  3.24  6.46  9.62 12.50 14.91 17.08 19.43 22.26 25.71 29.65
 0.00  3.30  6.62  9.93 13.10 15.82 18.25 20.78 23.77 27.44 31.70
 0.00  3.35  6.75 10.21 13.63 16.67 19.37 22.10 25.26 29.13 33.71
 0.00  3.40  6.87 10.46 14.10 17.46 20.44 23.39 26.73 30.78 35.67
 0.00  3.44  6.98 10.69 14.52 18.17 21.46 24.65 28.18 32.42 37.59
 0.00  3.48  7.08 10.90 14.89 18.83 22.43 25.87 29.60 34.04 39.47
 0.00  3.51  7.17 11.08 15.23 19.42 23.34 27.06 31.00 35.64 41.31
 0.00  3.54  7.25 11.25 15.52 19.96 24.19 28.20 32.38 37.23 43.13
 0.00  3.57  7.33 11.41 15.79 20.45 24.99 29.30 33.72 38.79 44.94
 0.00  3.59  7.40 11.55 16.04 20.90 25.73 30.35 35.04 40.34 46.73
 0.00  3.61  7.47 11.68 16.28 21.30 26.42 31.36 36.33 41.86 48.51
 0.00  3.63  7.54 11.79 16.49 21.67 27.06 32.32 37.58 43.37 50.27
 0.00  3.64  7.59 11.90 16.69 22.00 27.64 33.23 38.79 44.85 52.02
 0.00  3.66  7.65 12.00 16.88 22.31 28.19 34.09 39.97 46.30 53.75
 0.00  3.67  7.70 12.10 17.05 22.59 28.69 34.90 41.12 47.74 55.47
 0.00  3.68  7.75 12.19 17.21 22.85 29.15 35.67 42.22 49.14 57.16
 0.00  3.69  7.79 12.27 17.36 23.09 29.57 36.39 43.28 50.52 58.84
 0.00  3.70  7.83 12.35 17.50 23.32 29.96 37.07 44.30 51.87 60.51
 0.00  3.71  7.87 12.43 17.62 23.54 30.33 37.70 45.28 53.19 62.15
 0.00  3.72  7.90 12.51 17.75 23.74 30.66 38.30 46.22 54.48 63.78
 0.00  3.72  7.93 12.58 17.86 23.93 30.97 38.85 47.12 55.74 65.38
 0.00  3.73  7.96 12.64 17.97 24.12 31.26 39.37 47.97 56.97 66.96
 0.00  3.73  7.99 12.71 18.07 24.29 31.54 39.85 48.79 58.16 68.53
 0.00  3.74  8.01 12.77 18.16 24.45 31.79 40.31 49.57 59.32 70.07
 0.00  3.74  8.04 12.83 18.25 24.60 32.03 40.73 50.30 60.44 71.58
 0.00  3.75  8.06 12.88 18.34 24.74 32.25 41.12 51.00 61.53 73.08
 0.00  3.75  8.08 12.93 18.42 24.88 32.46 41.49 51.66 62.59 74.55
 0.00  3.75  8.09 12.98 18.51 25.01 32.67 41.84 52.29 63.61 75.99
 0.00  3.76  8.11 13.03 18.58 25.13 32.86 42.16 52.89 64.59 77.41
 0.00  3.76  8.12 13.07 18.66 25.24 33.05 42.47 53.45 65.54 78.80
 0.00  3.76  8.14 13.11 18.74 25.35 33.23 42.75 53.98 66.45 80.17
 0.00  3.76  8.15 13.15 18.81 25.46 33.40 43.03 54.48 67.33 81.51
 0.00  3.76  8.16 13.18 18.88 25.56 33.56 43.28 54.95 68.18 82.82
 0.00  3.76  8.17 13.22 18.94 25.66 33.71 43.52 55.40 68.99 84.10
 0.00  3.77  8.18 13.25 19.00 25.75 33.86 43.75 55.82 69.77 85.36
 0.00  3.77  8.19 13.28 19.07 25.84 34.00 43.97 56.22 70.51 86.58
 0.00  3.77  8.20 13.30 19.12 25.92 34.14 44.17 56.60 71.23 87.78
 0.00  3.77  8.20 13.33 19.18 26.00 34.27 44.37 56.96 71.92 88.95
 0.00  3.77  8.21 13.35 19.23 26.08 34.39 44.56 57.29 72.57 90.09
 0.00  3.77  8.22 13.38 19.28 26.16 34.51 44.74 57.61 73.20 91.20
 0.00  3.77  8.22 13.40 19.33 26.24 34.62 44.92 57.92 73.80 92.28
 0.00  3.77  8.23 13.42 19.38 26.31 34.73 45.09 58.21 74.37 93.34
 0.00  3.77  8.23 13.43 19.42 26.39 34.83 45.25 58.48 74.92 94.36
 0.00  3.77  8.24 13.45 19.47 26.46 34.93 45.41 58.74 75.44 95.36
 0.00  3.77  8.24 13.47 19.51 26.52 35.03 45.56 58.99 75.94 96.32
 0.00  3.77  8.24 13.48 19.54 26.59 35.13 45.71 59.23 76.42 97.26
 0.00  3.77  8.25 13.50 19.58 26.66 35.22 45.85 59.45 76.87 98.17
 0.00  3.77  8.25 13.51 19.62 26.72 35.30 45.99 59.67 77.30 99.06
 0.00  3.77  8.25 13.52 19.65 26.78 35.39 46.12 59.87 77.72 99.91
 0.00  3.77  8.25 13.53 19.68 26.84 35.47 46.25 60.07 78.12 100.74
 0.00  3.77  8.26 13.54 19.71 26.90 35.55 46.37 60.26 78.49 101.55
 0.00  3.77  8.26 13.55 19.74 26.95 35.62 46.49 60.44 78.85 102.33
 0.00  3.77  8.26 13.56 19.76 27.00 35.70 46.60 60.62 79.20 103.08
 0.00  3.77  8.26 13.57 19.79 27.05 35.77 46.71 60.78 79.53 103.81
 0.00  3.77  8.26 13.58 19.81 27.10 35.85 46.82 60.94 79.84 104.51
 0.00  3.77  8.26 13.58 19.83 27.15 35.92 46.92 61.10 80.14 105.20
 0.00  3.77  8.26 13.59 19.86 27.20 35.99 47.02 61.26 80.43 105.86
 0.00  3.78  8.27 13.60 19.88 27.24 36.05 47.12 61.40 80.71 106.49
 0.00  3.78  8.27 13.60 19.89 27.28 36.12 47.21 61.55 80.97 107.11
 0.00  3.78  8.27 13.61 19.91 27.32 36.19 47.30 61.69 81.23 107.70
 0.00  3.78  8.27 13.61 19.93 27.36 36.25 47.39 61.83 81.47 108.27
 0.00  3.78  8.27 13.62 19.95 27.40 36.31 47.48 61.96 81.71 108.83
 0.00  3.78  8.27 13.62 19.96 27.44 36.37 47.56 62.09 81.93 109.36
 0.00  3.78  8.27 13.62 19.97 27.47 36.43 47.64 62.22 82.15 109.88
 0.00  3.78  8.27 13.63 19.99 27.51 36.49 47.72 62.34 82.35 110.38
 0.00  3.78  8.27 13.63 20.00 27.54 36.55 47.80 62.46 82.56 110.86
 0.00  3.78  8.27 13.63 20.01 27.57 36.60 47.87 62.57 82.75 111.32
 0.00  3.78  8.27 13.64 20.02 27.60 36.65 47.94 62.68 82.93 111.77
 0.00  3.78  8.27 13.64 20.03 27.62 36.71 48.02 62.79 83.11 112.20
 0.00  3.78  8.27 13.64 20.04 27.65 36.76 48.08 62.90 83.29 112.62
 0.00  3.78  8.27 13.64 20.05 27.68 36.80 48.15 63.00 83.45 113.02
 0.00  3.78  8.27 13.65 20.06 27.70 36.85 48.22 63.10 83.61 113.41
 0.00  3.78  8.27 13.65 20.07 27.72 36.90 48.28 63.20 83.77 113.78
 0.00  3.78  8.27 13.65 20.08 27.75 36.94 48.35 63.29 83.92 114.14
 0.00  3.78  8.27 13.65 20.08 27.77 36.99 48.41 63.39 84.07 114.49
 0.00  3.78  8.27 13.65 20.09 27.79 37.03 48.47 63.48 84.21 114.83
 0.00  3.78  8.27 13.65 20.10 27.81 37.07 48.53 63.56 84.34 115.15
 0.00  3.78  8.27 13.65 20.10 27.82 37.11 48.59 63.65 84.48 115.47
 0.00  3.78  8.27 13.66 20.11 27.84 37.15 48.65 63.73 84.60 115.77
 0.00  3.78  8.27 13.66 20.11 27.86 37.18 48.71 63.81 84.73 116.06
 0.00  3.78  8.27 13.66 20.12 27.87 37.22 48.77 63.89 84.85 116.34
 0.00  3.78  8.27 13.66 20.12 27.89 37.26 48.82 63.97 84.98 116.62
 0.00  3.78  8.27 13.66 20.13 27.90 37.29 48.88 64.05 85.09 116.88
 0.00  3.78  8.27 13.66 20.13 27.92 37.32 48.93 64.12 85.21 117.13
 0.00  3.78  8.28 13.66 20.13 27.93 37.35 48.99 64.19 85.32 117.38
 0.00  3.78  8.28 13.66 20.14 27.94 37.38 49.04 64.27 85.43 117.62
 0.00  3.78  8.28 13.66 20.14 27.95 37.41 49.09 64.34 85.54 117.85
 0.00  3.78  8.28 13.66 20.14 27.97 37.44 49.14 64.40 85.65 118.07
 0.00  3.78  8.28 13.66 20.15 27.98 37.47 49.19 64.47 85.75 118.29
 0.00  3.78  8.28 13.66 20.15 27.99 37.49 49.23 64.54 85.85 118.50
 0.00  3.78  8.28 13.66 20.15 28.00 37.52 49.28 64.60 85.95 118.70
 0.00  3.78  8.28 13.66 20.15 28.00 37.54 49.32 64.66 86.05 118.90
 0.00  3.78  8.28 13.66 20.16 28.01 37.56 49.37 64.72 86.15 119.09
 0.00  3.78  8.28 13.66 20.16 28.02 37.59 49.41 64.78 86.24 119.28
 0.00  3.78  8.28 13.67 20.16 28.03 37.61 49.45 64.84 86.33 119.46
 0.00  3.78  8.28 13.67 20.16 28.04 37.63 49.49 64.90 86.42 119.63
 0.00  3.78  8.28 13.67 20.16 28.04 37.65 49.53 64.95 86.51 119.80
 0.00  3.78  8.28 13.67 20.16 28.05 37.67 49.57 65.01 86.59 119.96
 0.00  3.78  8.28 13.67 20.17 28.06 37.69 49.61 65.06 86.68 120.12
 0.00  3.78  8.28 13.67 20.17 28.06 37.70 49.65 65.12 86.76 120.28
 0.00  3.78  8.28 13.67 20.17 28.07 37.72 49.68 65.17 86.84 120.43
 0.00  3.78  8.28 13.67 20.17 28.07 37.74 49.72 65.22 86.92 120.58
 0.00  3.78  8.28 13.67 20.17 28.08 37.75 49.75 65.28 86.99 120.72
 0.00  3.78  8.28 13.67 20.17 28.08 37.77 49.79 65.33 87.07 120.86
 0.00  3.78  8.28 13.67 20.17 28.09 37.78 49.82 65.38 87.14 120.99
 0.00  3.78  8.28 13.67 20.17 28.09 37.79 49.85 65.43 87.22 121.12
 0.00  3.78  8.28 13.67 20.17 28.09 37.81 49.88 65.48 87.29 121.25
 0.00  3.78  8.28 13.67 20.18 28.10 37.82 49.91 65.52 87.36 121.38
 0.00  3.78  8.28 13.67 20.18 28.10 37.83 49.94 65.57 87.43 121.50
 0.00  3.78  8.28 13.67 20.18 28.10 37.84 49.97 65.62 87.49 121.61
 0.00  3.78  8.28 13.67 20.18 28.11 37.85 49.99 65.66 87.56 121.73
 0.00  3.78  8.28 13.67 20.18 28.11 37.86 50.02 65.71 87.62 121.84
 0.00  3.78  8.28 13.67 20.18 28.11 37.87 50.05 65.75 87.69 121.95
 0.00  3.78  8.28 13.67 20.18 28.12 37.88 50.07 65.80 87.75 122.06
 0.00  3.78  8.28 13.67 20.18 28.12 37.89 50.10 65.84 87.81 122.16
 0.00  3.78  8.28 13.67 20.18 28.12 37.90 50.12 65.88 87.87 122.26
 0.00  3.78  8.28 13.67 20.18 28.12 37.91 50.14 65.92 87.93 122.36
 0.00  3.78  8.28 13.67 20.18 28.12 37.92 50.16 65.96 87.99 122.46
 0.00  3.78  8.28 13.67 20.18 28.13 37.93 50.18 66.00 88.05 122.55
 0.00  3.78  8.28 13.67 20.18 28.13 37.93 50.20 66.04 88.10 122.64
 0.00  3.78  8.28 13.67 20.18 28.13 37.94 50.22 66.08 88.16 122.73
 0.00  3.78  8.28 13.67 20.18 28.13 37.95 50.24 66.12 88.21 122.82
 0.00  3.78  8.28 13.67 20.18 28.13 37.95 50.26 66.16 88.27 122.91
 0.00  3.78  8.28 13.67 20.18 28.13 37.96 50.28 66.19 88.32 123.00
 0.00  3.78  8.28 13.67 20.18 28.14 37.97 50.30 66.23 88.37 123.08
 0.00  3.78  8.28 13.67 20.18 28.14 37.97 50.31 66.26 88.42 123.16
 0.00  3.78  8.28 13.67 20.18 28.14 37.98 50.33 66.30 88.47 123.25
 0.00  3.78  8.28 13.67 20.18 28.14 37.98 50.35 66.33 88.52 123.33
 0.00  3.78  8.28 13.67 20.18 28.14 37.99 50.36 66.36 88.56 123.41
 0.00  3.78  8.28 13.67 20.18 28.14 37.99 50.38 66.39 88.61 123.48
 0.00  3.78  8.28 13.67 20.18 28.14 38.00 50.39 66.43 88.66 123.56
 0.00  3.78  8.28 13.67 20.18 28.14 38.00 50.40 66.46 88.70 123.64
 0.00  3.78  8.28 13.67 20.18 28.14 38.00 50.42 66.49 88.75 123.71
 0.00  3.78  8.28 13.67 20.18 28.14 38.01 50.43 66.52 88.79 123.79
 0.00  3.78  8.28 13.67 20.18 28.15 38.01 50.44 66.54 88.83 123.86
 0.00  3.78  8.28 13.67 20.18 28.15 38.01 50.45 66.57 88.87 123.93
 0.00  3.78  8.28 13.67 20.18 28.15 38.02 50.46 66.60 88.92 124.00
 0.00  3.78  8.28 13.67 20.18 28.15 38.02 50.48 66.63 88.96 124.07
 0.00  3.78  8.28 13.67 20.18 28.15 38.02 50.49 66.65 89.00 124.13
 0.00  3.78  8.28 13.67 20.18 28.15 38.03 50.50 66.68 89.04 124.20
 0.00  3.78  8.28 13.67 20.18 28.15 38.03 50.51 66.70 89.08 124.27
 0.00  3.78  8.28 13.67 20.18 28.15 38.03 50.52 66.73 89.12 124.33
 0.00  3.78  8.28 13.67 20.18 28.15 38.03 50.52 66.75 89.16 124.40
 0.00  3.78  8.28 13.67 20.18 28.15 38.04 50.53 66.77 89.20 124.46
 0.00  3.78  8.28 13.67 20.18 28.15 38.04 50.54 66.80 89.24 124.52
 0.00  3.78  8.28 13.67 20.18 28.15 38.04 50.55 66.82 89.28 124.58
 0.00  3.78  8.28 13.67 20.18 28.15 38.04 50.56 66.84 89.31 124.64
 0.00  3.78  8.28 13.67 20.18 28.15 38.04 50.57 66.86 89.35 124.70
 0.00  3.78  8.28 13.67 20.18 28.15 38.05 50.57 66.88 89.39 124.76
 0.00  3.78  8.28 13.67 20.18 28.15 38.05 50.58 66.90 89.42 124.81
 0.00  3.78  8.28 13.67 20.18 28.15 38.05 50.59 66.92 89.46 124.87
 0.00  3.78  8.28 13.67 20.18 28.15 38.05 50.59 66.94 89.49 124.93
 0.00  3.78  8.28 13.67 20.18 28.15 38.05 50.60 66.96 89.53 124.98
 0.00  3.78  8.28 13.67 20.18 28.15 38.05 50.61 66.97 89.56 125.04
 0.00  3.78  8.28 13.67 20.18 28.15 38.05 50.61 66.99 89.60 125.09
 0.00  3.78  8.28 13.67 20.18 28.15 38.06 50.62 67.01 89.63 125.14
 0.00  3.78  8.28 13.67 20.18 28.15 38.06 50.62 67.02 89.66 125.19
 0.00  3.78  8.28 13.67 20.18 28.15 38.06 50.63 67.04 89.69 125.24
 0.00  3.78  8.28 13.67 20.18 28.15 38.06 50.63 67.05 89.73 125.29
 0.00  3.78  8.28 13.67 20.18 28.15 38.06 50.64 67.07 89.76 125.34
 0.00  3.78  8.28 13.67 20.18 28.15 38.06 50.64 67.08 89.79 125.39
 0.00  3.78  8.28 13.67 20.18 28.15 38.06 50.65 67.10 89.82 125.44
 0.00  3.78  8.28 13.67 20.18 28.15 38.06 50.65 67.11 89.85 125.49
 0.00  3.78  8.28 13.67 20.18 28.15 38.06 50.65 67.13 89.88 125.53
 0.00  3.78  8.28 13.67 20.18 28.15 38.06 50.66 67.14 89.91 125.58
 0.00  3.78  8.28 13.67 20.18 28.15 38.07 50.66 67.15 89.93 125.62
 0.00  3.78  8.28 13.67 20.18 28.16 38.07 50.66 67.16 89.96 125.67
 0.00  3.78  8.28 13.67 20.18 28.16 38.07 50.67 67.18 89.99 125.71
 0.00  3.78  8.28 13.67 20.18 28.16 38.07 50.67 67.19 90.02 125.75
 0.00  3.78  8.28 13.67 20.18 28.16 38.07 50.67 67.20 90.04 125.80
 0.00  3.78  8.28 13.67 20.18 28.16 38.07 50.68 67.21 90.07 125.84
 0.00  3.78  8.28 13.67 20.18 28.16 38.07 50.68 67.22 90.09 125.88
 0.00  3.78  8.28 13.67 20.18 28.16 38.07 50.68 67.23 90.12 125.92
 0.00  3.78  8.28 13.67 20.18 28.16 38.07 50.69 67.24 90.14 125.96
 0.00  3.78  8.28 13.67 20.18 28.16 38.07 50.69 67.25 90.17 126.00
 0.00  3.78  8.28 13.67 20.18 28.16 38.07 50.69 67.26 90.19 126.04
 0.00  3.78  8.28 13.67 20.18 28.16 38.07 50.69 67.27 90.22 126.08
 0.00  3.78  8.28 13.67 20.18 28.16 38.07 50.70 67.28 90.24 126.11
 0.00  3.78  8.28 13.67 20.18 28.16 38.07 50.70 67.29 90.26 126.15
 0.00  3.78  8.28 13.67 20.18 28.16 38.07 50.70 67.30 90.28 126.19
 0.00  3.78  8.28 13.67 20.18 28.16 38.07 50.70 67.30 90.31 126.22
 0.00  3.78  8.28 13.67 20.18 28.16 38.07 50.70 67.31 90.33 126.26
 0.00  3.78  8.28 13.67 20.18 28.16 38.07 50.71 67.32 90.35 126.29
 0.00  3.78  8.28 13.67 20.18 28.16 38.07 50.71 67.33 90.37 126.33
 0.00  3.78  8.28 13.67 20.18 28.16 38.07 50.71 67.33 90.39 126.36
 0.00  3.78  8.28 13.67 20.18 28.16 38.07 50.71 67.34 90.41 126.39
 0.00  3.78  8.28 13.67 20.18 28.16 38.07 50.71 67.35 90.43 126.43
 0.00  3.78  8.28 13.67 20.18 28.16 38.07 50.71 67.35 90.45 126.46
 0.00  3.78  8.28 13.67 20.18 28.16 38.08 50.71 67.36 90.46 126.49
 0.00  3.78  8.28 13.67 20.19 28.16 38.08 50.72 67.37 90.48 126.52
 0.00  3.78  8.28 13.67 20.19 28.16 38.08 50.72 67.37 90.50 126.55
 0.00  3.78  8.28 13.67 20.19 28.16 38.08 50.72 67.38 90.52 126.58
 0.00  3.78  8.28 13.67 20.19 28.16 38.08 50.72 67.38 90.54 126.61
 0.00  3.78  8.28 13.67 20.19 28.16 38.08 50.72 67.39 90.55 126.64
 0.00  3.78  8.28 13.67 20.19 28.16 38.08 50.72 67.40 90.57 126.67
 0.00  3.78  8.28 13.67 20.19 28.16 38.08 50.72 67.40 90.58 126.70
 0.00  3.78  8.28 13.67 20.19 28.16 38.08 50.72 67.41 90.60 126.73
 0.00  3.78  8.28 13.67 20.19 28.16 38.08 50.73 67.41 90.62 126.76
 0.00  3.78  8.28 13.67 20.19 28.16 38.08 50.73 67.41 90.63 126.79
 0.00  3.78  8.28 13.67 20.19 28.16 38.08 50.73 67.42 90.65 126.82
 0.00  3.78  8.28 13.67 20.19 28.16 38.08 50.73 67.42 90.66 126.84
 0.00  3.78  8.28 13.67 20.19 28.16 38.08 50.73 67.43 90.67 126.87
 0.00  3.78  8.28 13.67 20.19 28.16 38.08 50.73 67.43 90.69 126.90
 0.00  3.78  8.28 13.67 20.19 28.16 38.08 50.73 67.44 90.70 126.93
 0.00  3.78  8.28 13.67 20.19 28.16 38.08 50.73 67.44 90.72 126.95
 0.00  3.78  8.28 13.67 20.19 28.16 38.08 50.73 67.44 90.73 126.98
 0.00  3.78  8.28 13.67 20.19 28.16 38.08 50.73 67.45 90.74 127.01
 0.00  3.78  8.28 13.67 20.19 28.16 38.08 50.73 67.45 90.75 127.03
 0.00  3.78  8.28 13.67 20.19 28.16 38.08 50.73 67.45 90.77 127.06
 0.00  3.78  8.28 13.67 20.19 28.16 38.08 50.73 67.46 90.78 127.08
 0.00  3.78  8.28 13.67 20.19 28.16 38.08 50.73 67.46 90.79 127.11
 0.00  3.78  8.28 13.67 20.19 28.16 38.08 50.73 67.46 90.80 127.13
 0.00  3.78  8.28 13.67 20.19 28.16 38.08 50.74 67.47 90.81 127.16
 0.00  3.78  8.28 13.67 20.19 28.16 38.08 50.74 67.47 90.82 127.18
 0.00  3.78  8.28 13.67 20.19 28.16 38.08 50.74 67.47 90.83 127.21
 0.00  3.78  8.28 13.67 20.19 28.16 38.08 50.74 67.47 90.84 127.23
 0.00  3.78  8.28 13.67 20.19 28.16 38.08 50.74 67.48 90.85 127.25
 0.00  3.78  8.28 13.67 20.19 28.16 38.08 50.74 67.48 90.86 127.28
 0.00  3.78  8.28 13.67 20.19 28.16 38.08 50.74 67.48 90.87 127.30
 0.00  3.78  8.28 13.67 20.19 28.16 38.08 50.74 67.48 90.88 127.32
 0.00  3.78  8.28 13.67 20.19 28.16 38.08 50.74 67.49 90.89 127.35
 0.00  3.78  8.28 13.67 20.19 28.16 38.08 50.74 67.49 90.90 127.37
 0.00  3.78  8.28 13.67 20.19 28.16 38.08 50.74 67.49 90.91 127.39
 0.00  3.78  8.28 13.67 20.19 28.16 38.08 50.74 67.49 90.92 127.41
 0.00  3.78  8.28 13.67 20.19 28.16 38.08 50.74 67.49 90.93 127.43
 0.00  3.78  8.28 13.67 20.19 28.16 38.08 50.74 67.50 90.94 127.45
 0.00  3.78  8.28 13.67 20.19 28.16 38.08 50.74 67.50 90.94 127.48
 0.00  3.78  8.28 13.67 20.19 28.16 38.08 50.74 67.50 90.95 127.50
 0.00  3.78  8.28 13.67 20.19 28.16 38.08 50.74 67.50 90.96 127.52
 0.00  3.78  8.28 13.67 20.19 28.16 38.08 50.74 67.50 90.97 127.54
 0.00  3.78  8.28 13.67 20.19 28.16 38.08 50.74 67.50 90.98 127.56
 0.00  3.78  8.28 13.67 20.19 28.16 38.08 50.74 67.50 90.98 127.58
 0.00  3.78  8.28 13.67 20.19 28.16 38.08 50.74 67.51 90.99 127.60
 0.00  3.78  8.28 13.67 20.19 28.16 38.08 50.74 67.51 91.00 127.62
 0.00  3.78  8.28 13.67 20.19 28.16 38.08 50.74 67.51 91.00 127.63
 0.00  3.78  8.28 13.67 20.19 28.16 38.08 50.74 67.51 91.01 127.65
 0.00  3.78  8.28 13.67 20.19 28.16 38.08 50.74 67.51 91.02 127.67
 0.00  3.78  8.28 13.67 20.19 28.16 38.08 50.74 67.51 91.02 127.69
 0.00  3.78  8.28 13.67 20.19 28.16 38.08 50.74 67.51 91.03 127.71
 0.00  3.78  8.28 13.67 20.19 28.16 38.08 50.74 67.52 91.03 127.73
 0.00  3.78  8.28 13.67 20.19 28.16 38.08 50.74 67.52 91.04 127.74
 0.00  3.78  8.28 13.67 20.19 28.16 38.08 50.74 67.52 91.05 127.76
 0.00  3.78  8.28 13.67 20.19 28.16 38.08 50.74 67.52 91.05 127.78
 0.00  3.78  8.28 13.67 20.19 28.16 38.08 50.74 67.52 91.06 127.79
 0.00  3.78  8.28 13.67 20.19 28.16 38.08 50.74 67.52 91.06 127.81
 0.00  3.78  8.28 13.67 20.19 28.16 38.08 50.74 67.52 91.07 127.83
 0.00  3.78  8.28 13.67 20.19 28.16 38.08 50.74 67.52 91.07 127.84
 0.00  3.78  8.28 13.67 20.19 28.16 38.08 50.74 67.52 91.08 127.86
 0.00  3.78  8.28 13.67 20.19 28.16 38.08 50.74 67.52 91.08 127.87
 0.00  3.78  8.28 13.67 20.19 28.16 38.08 50.74 67.52 91.09 127.89
 0.00  3.78  8.28 13.67 20.19 28.16 38.08 50.74 67.53 91.09 127.91
 0.00  3.78  8.28 13.67 20.19 28.16 38.08 50.74 67.53 91.09 127.92
 0.00  3.78  8.28 13.67 20.19 28.16 38.08 50.74 67.53 91.10 127.94
 0.00  3.78  8.28 13.67 20.19 28.16 38.08 50.74 67.53 91.10 127.95
 0.00  3.78  8.28 13.67 20.19 28.16 38.08 50.74 67.53 91.11 127.96
 0.00  3.78  8.28 13.67 20.19 28.16 38.08 50.74 67.53 91.11 127.98
 0.00  3.78  8.28 13.67 20.19 28.16 38.08 50.74 67.53 91.11 127.99
 0.00  3.78  8.28 13.67 20.19 28.16 38.08 50.74 67.53 91.12 128.01
 0.00  3.78  8.28 13.67 20.19 28.16 38.08 50.74 67.53 91.12 128.02
 0.00  3.78  8.28 13.67 20.19 28.16 38.08 50.74 67.53 91.13 128.03
 0.00  3.78  8.28 13.67 20.19 28.16 38.08 50.74 67.53 91.13 128.05
 0.00  3.78  8.28 13.67 20.19 28.16 38.08 50.74 67.53 91.13 128.06
 0.00  3.78  8.28 13.67 20.19 28.16 38.08 50.74 67.53 91.14 128.07
 0.00  3.78  8.28 13.67 20.19 28.16 38.08 50.74 67.53 91.14 128.08
 0.00  3.78  8.28 13.67 20.19 28.16 38.08 50.74 67.53 91.14 128.10
 0.00  3.78  8.28 13.67 20.19 28.16 38.08 50.74 67.53 91.15 128.11
 0.00  3.78  8.28 13.67 20.19 28.16 38.08 50.74 67.53 91.15 128.12
 0.00  3.78  8.28 13.67 20.19 28.16 38.08 50.74 67.53 91.15 128.13
 0.00  3.78  8.28 13.67 20.19 28.16 38.08 50.74 67.54 91.15 128.14
 0.00  3.78  8.28 13.67 20.19 28.16 38.08 50.74 67.54 91.16 128.16
 0.00  3.78  8.28 13.67 20.19 28.16 38.08 50.74 67.54 91.16 128.17
 0.00  3.78  8.28 13.67 20.19 28.16 38.08 50.74 67.54 91.16 128.18
 0.00  3.78  8.28 13.67 20.19 28.16 38.08 50.74 67.54 91.16 128.19
 0.00  3.78  8.28 13.67 20.19 28.16 38.08 50.74 67.54 91.17 128.20
 0.00  3.78  8.28 13.67 20.19 28.16 38.08 50.74 67.54 91.17 128.21
 0.00  3.78  8.28 13.67 20.19 28.16 38.08 50.74 67.54 91.17 128.22
 0.00  3.78  8.28 13.67 20.19 28.16 38.08 50.74 67.54 91.17 128.23
 0.00  3.78  8.28 13.67 20.19 28.16 38.08 50.74 67.54 91.18 128.24
 0.00  3.78  8.28 13.67 20.19 28.16 38.08 50.74 67.54 91.18 128.25
 0.00  3.78  8.28 13.67 20.19 28.16 38.08 50.74 67.54 91.18 128.26
 0.00  3.78  8.28 13.67 20.19 28.16 38.08 50.74 67.54 91.18 128.27
 0.00  3.78  8.28 13.67 20.19 28.16 38.08 50.74 67.54 91.19 128.28
 0.00  3.78  8.28 13.67 20.19 28.16 38.08 50.74 67.54 91.19 128.29
 0.00  3.78  8.28 13.67 20.19 28.16 38.08 50.74 67.54 91.19 128.30
 0.00  3.78  8.28 13.67 20.19 28.16 38.08 50.75 67.54 91.19 128.31
 0.00  3.78  8.28 13.67 20.19 28.16 38.08 50.75 67.54 91.19 128.32
 0.00  3.78  8.28 13.67 20.19 28.16 38.08 50.75 67.54 91.19 128.33
 0.00  3.78  8.28 13.67 20.19 28.16 38.08 50.75 67.54 91.20 128.34
 0.00  3.78  8.28 13.67 20.19 28.16 38.08 50.75 67.54 91.20 128.34
