# Values
 0.01  0.04  0.18  0.40  0.81
 0.04  0.18  0.40  0.81  2.01
 0.18  0.40  0.81  2.01  6.02
 0.40  0.81  2.01  6.02 11.43
 0.81  2.01  6.02 11.43 17.42
 0.05  0.25  1.00  2.04  4.01
 0.25  1.00  2.04  4.01  8.02
 1.00  2.04  4.01  8.02 13.43
 2.04  4.01  8.02 13.43 19.42
 4.01  8.02 13.43 19.42 27.12
 0.17  0.71  2.68  5.25 10.02
 0.71  2.68  5.25 10.02 15.43
 2.68  5.25 10.02 15.43 21.42
 5.25 10.02 15.43 21.42 29.12
10.02 15.44 21.42 29.12 38.50
 0.35  1.33  4.85  9.29 17.44
 1.33  4.85  9.29 17.44 23.42
 4.85  9.29 17.44 23.42 31.12
 9.29 17.44 23.42 31.12 40.50
17.44 23.42 31.12 40.50 46.35
 0.53  2.85  7.29 15.44 24.24
 2.85  7.29 15.44 24.24 32.26
 7.29 15.44 24.24 32.26 42.50
15.44 24.24 32.26 42.51 48.35
24.24 32.26 42.51 48.35 50.14
 0.85  5.29 13.44 22.24 30.26
 5.29 13.44 22.24 30.26 40.51
13.44 22.24 30.26 40.51 50.35
22.24 30.26 40.51 50.35 52.15
30.26 40.51 50.35 52.15 53.64
 3.29 11.44 20.24 28.26 38.51
11.44 20.24 28.26 38.51 48.36
20.24 28.26 38.51 48.36 54.01
28.26 38.51 48.36 54.01 55.62
38.51 48.36 54.01 55.62 56.91
 9.44 18.24 26.26 36.51 46.36
18.24 26.26 36.51 46.36 52.01
26.26 36.51 46.36 52.01 53.62
36.51 46.36 52.01 53.62 54.91
46.36 52.01 53.62 54.91 55.71
16.24 24.26 34.51 44.36 50.01
24.26 34.51 44.36 50.01 51.62
34.51 44.36 50.01 51.62 52.91
44.36 50.01 51.62 52.91 53.71
50.01 51.62 52.91 53.71 50.33
22.26 32.51 42.36 48.01 49.63
32.51 42.36 48.01 49.63 50.91
42.36 48.01 49.63 50.91 51.71
48.01 49.63 50.91 51.71 48.33
49.63 50.91 51.71 48.33 41.53
